## What is sequence alignment?

Alignment is a way of arranging two DNA or protein sequences to identify regions of similarity.
Given two string $X = X_1,X_2,,X_M$  $Y = Y_1,Y_2,,Y_N$ an alignment is an assignment of [[Glossary#^666e6c|gaps]] to position $0,,M$ in $X$ and $0,,N$ in $Y$, to line up each letter in one sequence with a letter or a gap in the other sequence. The **alignment score** is computed by counting [[Glossary#^a5db05|matches]].

>[!info] The alignment of two sequences is a two-row matrix 
>![[Pasted image 20231019165041.png]]
>
1st row: symbols of the 1st sequence (in order) interspersed by “-”
2nd row: symbols of the 2nd sequence (in order) interspersed by “-”


## Why is sequence alignment important to biologists?

It is helpful in [[Glossary#^e0e3b5|bioinformatics]] if you want to find the insertions or deletions in a [[Glossary#^207015|genome]], for example, due to mutation, if you want to find the similarities between genomes. Consider finding the part of a bacterium that causes death in people - you would want to track that in other bacterium and find similarities.

## Hamming and Edit distance

- Hamming distance is defined as the number of positions at which the corresponding elements in the two strings are different. In other words, it calculates the minimum number of substitutions required to change one string into the other. <u>This is trivial to compute</u>
- Edit distance finds the number of insertions, deletions and substitutions to **transform** one string into another. <u>This is non-trivial to compute.</u>  ^80ff46

>[!example]- Calculating edit distance
>To turn  $TGCATAT \rightarrow ATCCGAT$  the edit distance would be 4:
>$$\begin{align}
&TGCATAT \rightarrow (Insert\ \textcolor{blue}{A}\ at\ front)\\
&\textcolor{blue}{A}TGCATA\textcolor{cyan}{T} \rightarrow (Delete\ 6^{th}\ \textcolor{cyan}{T})\\
&ATGC\textcolor{red}ATA \rightarrow (Substitute\ \textcolor{red}G\ for\ 5^{th}\ \textcolor{red}A)\\
&AT\textcolor{red}GC\textcolor{orange}GTA \rightarrow(Substitute\ \textcolor{red}C\ for\ 3^{rd}\ \textcolor{red}G) \\
&AT\textcolor{orange}CCGTA\quad(Done)
\end{align}$$


## Longest Common Subsequence

>[!Info] LCS Problem
>![[LCS Problem]]

**LCS** allows only for insertions and deletions (no [[Glossary#^09f3c0|mismatches]]).  In the LCS problem, we scored 1 for matches and 0 for [[Glossary#^af87ab|indels]].

### Computing LCS

Let $\textbf{v}_i=$ prefix $\textbf{v}$ of length $i$ : $v_1\dots v_i$  and Let $\textbf{w}_i=$ prefix $\textbf{w}$ of length $j$ : $w_1\dots w_j$ .
The length $\textbf{s}_{i,j}$ of LCS($\textbf{v}_i,\textbf{w}_j$) is computed by:
$$
\textbf{s}_{i,j} = \max\left\{\begin{array}{l}
\textbf{s}_{i-1,j}+0 \\
\textbf{s}_{i,j-1}+0 \\
\textbf{s}_{i-1,j-1}\ +1\quad \text{if } v_i=w_j \end{array}\right.
$$

>[!example] LCS pseudocode
>Here how to compute LCS($\boldsymbol{V}_i,\boldsymbol{W}_j$):
>![[LCS#^d2356c]]
>The recursive program shows how you can print out the longest common subsequence using the information stored in b. 
>![[LCS#^80d119]]

## Dynamic Programming  as alignment solution

We notice three cases when dealing with sub-problems in general alignment graphs:
1. $\text{x}_i$ aligns to $\text{y}_j$ :
	$\array{\text{x}_1\dots\text{x}_i-1\quad\text{x}_i\\\text{y}_1\dots\text{y}_j-1\quad\text{y}_j\\}\quad\to\quad F(i,j)=F(i-1, j-1)+\left\{\begin{array}{l}\text{m, if }\text{x}_i = \text{y}_j\\-\text{s, if }\text{x}_i\neq\text{y}_j\\\end{array}\right.$

2. $\text{x}_i$ aligns to a gap:
	$\array{\text{x}_1\dots\text{x}_i-1\quad\text{x}_i\\\text{y}_1\dots\text{y}_j-1\quad\text{-}\\}\quad\to\quad F(i,j)=F(i-1, j)-\text{d}$

3. $\text{y}_j$ aligns to a gap:
	$\array{\text{x}_1\dots\text{x}_i-1\quad\text{-}\\\text{y}_1\dots\text{y}_j-1\quad\text{y}_j\\}\quad\to\quad F(i,j)=F(i, j-1)-\text{d}$

Assuming that $F(i-1,j-1), F(i-1,j) \text{ and }F(i, j-1)$ are **optimal**.
Then, $$F(i,j)=\max\left\{\begin{array}{l}
F(i-1, j-1)+s(\text{x}_i,\text{y}_j)\\
F(i-1, j)-\text{d}\\
F(i, j-1)-\text{d}\end{array}\right.$$
where $s(\text{x}_i,\text{y}_j)=\begin{array}-\text{m, if } \text{x}_i=\text{y}_j\\-\text{s, if }\text{x}_i\neq\text{y}_j\end{array}$

## General Alignment Graph

General alignment graphs have the following equation:
$$S_{i,j} = \max\left\{\begin{array}{l}
S_{i-1,j} - \sigma\\
S_{i,j-1} - \sigma\\
S_{i-1,j-1} + 1, \text{if } v_i=w_j\\
S_{i-1,j-1} - \mu, \text{if } v_i\neq w_j\\
\end{array}
\right.$$
where $\sigma$ is the *indel penalty* and $\mu$ is the *mismatch penalty*.

Which results in this grid:
![[Pasted image 20231021015841.png]]

## Local vs Global Alignment: Which alignment is better?

There are two types of alignment: [[Global Alignment|Global]] and [[Local Aligment|Local]].

> [!Info] Global Alignment Problem
>![[Global Alignment Problem]]


>[!info] Local Alignment Problem
>![[Local Alignment Problem]]

So, how do we know which alignment is better? The choice between global and local alignment <u>depends on the analysis's specific biological questions and objectives</u>.

**Global alignment** is used when biologists want to assess the *overall similarity between two genes or sequences*. For instance, when two genes exhibit a significant global alignment score, it suggests a broader sequence similarity, potentially indicating a common ancestry or shared biological functions.
On the other hand, biologists often employ **Local alignment** to identify *shared regions between two genes*, and it is useful for identifying specific functional domains, motifs, or conserved regions within a larger sequence. Similar local regions may indicate that both genes are controlled by the same regulatory elements or are bound by common regulatory proteins.

## Scoring Gaps

We previously assigned a fixed penalty $\sigma$ to each indel. But the problem with this is that if we have many consecutive gaps, this penalty may be too severe. Often, a series of $k$-indels may represent *a single evolutionary event rather than $k$ events*.

So to solve this issue we have *distinct gap opening and gap extending penalties*.
Theres different ways you can go about this:

>[!info]   3-Level approach
>We can use 3 levels where the *bottom level is for insertions*, the *middle level is for matches/mismatches* and the *upper level for deletions*.
>![[Pasted image 20231030183105.png]]

>[!info] Alignment with gaps
>In our current model a gap of length $n$ incurs penalty $n\times d$ however gaps usually occur in bunches so we use a *convex gap penalty function:* $\gamma(n)$
>Where $\gamma(n): \text{for all } n\text{, }\gamma(n+1)-\gamma(n)\leq\gamma(n)-\gamma(n-1)$
>![[Scoring gaps#^a81ee9]]
>- The *space complexity* is $O(nm)$.
>- The *time complexity* is $O(n^2m)$        (assume $n \gt m$)

>[!info] Affine gaps
>The affine gap algorithm combines two linear functions to calculate how to score a sequence with a certain number of gaps. We let $$\gamma (n) = d+(n-1)\times e$$
>Where $n$ is the number of gaps, $d$ is the cost of opening a gap and  $e$ is the cost of extending one.
>In this case, to compute the optimal alignment at position $i,j$, we need to “remember” the best score if the gap is open and the best score if the gap is closed
>![[Scoring gaps#^1c9d6d]]
>$F(i,j)$: score of alignment $x_1 \dots x_i$ to $y_1 \dots y_j$  if $x_i$ aligns to $y_j$
>$G(i,j)$: score if $x_i$, or $y_j$, aligns to a gap

## Banded Dynamic Programming

Assume we know that $x$ and $y$ are very similar; If the optimal alignment of $x$ and $y$ has few gaps, then the path of the alignment will be close to the diagonal.

>[!note] 
>*Assumption:* # gaps($x,y$) $\lt$ $k(N)$ 
>Then if $x_i$ aligns to $y_j$ $\implies|i-j| \lt k(N)$
>
>*Time and Space complexity:* $O(N \times k(N))\ll O(N^2)$



|    |            0 |            1 |             2 |           3 |   4 |            5 |           6 |           7 |             8 |           9 |          10 |          11 |          12 |          13 |          14 |          15 |          16 |          17 |         18 |          19 |          20 |          21 |          22 |          23 |          24 |          25 |          26 |          27 |         28 |          29 |          30 |           31 |          32 |          33 |         34 |          35 |          36 |          37 |           38 |           39 |           40 |          41 |          42 |          43 |          44 |          45 |          46 |          47 |          48 |           49 |          50 |          51 |           52 |           53 |          54 |          55 |          56 |           57 |           58 |          59 |           60 |           61 |           62 |           63 |          64 |           65 |          66 |
|---:|-------------:|-------------:|--------------:|------------:|----:|-------------:|------------:|------------:|--------------:|------------:|------------:|------------:|------------:|------------:|------------:|------------:|------------:|------------:|-----------:|------------:|------------:|------------:|------------:|------------:|------------:|------------:|------------:|------------:|-----------:|------------:|------------:|-------------:|------------:|------------:|-----------:|------------:|------------:|------------:|-------------:|-------------:|-------------:|------------:|------------:|------------:|------------:|------------:|------------:|------------:|------------:|-------------:|------------:|------------:|-------------:|-------------:|------------:|------------:|------------:|-------------:|-------------:|------------:|-------------:|-------------:|-------------:|-------------:|------------:|-------------:|------------:|
|  0 |   1          |   0.114283   |   0.267193    |   0.156928  | nan |   0.249955   |   0.156928  |   0.0849988 |   0.065274    |   0.0211375 |   0.116628  |   0.0350993 |   0.0578884 |   0.121245  |   0.10087   |   0.106338  |   0.13569   |   0.0889536 |   0.148104 |   0.014203  |   0.18639   |   0.125016  |   0.1015    |   0.131435  |   0.0782194 |   0.141617  |   0.0305873 |   0.154127  |   0.125724 |   0.212749  |   0.0746255 |   0.0949163  |   0.0728064 |   0.143709  |   0.137224 |   0.0786883 |   0.0813863 |   0.111222  |   0.100074   |  -0.00645445 |   0.103416   |   0.0622642 |   0.111059  |   0.146852  |   0.128062  |   0.0639301 |   0.0844169 |  -0.0161408 |   0.136549  |  -0.00405895 |   0.139796  |   0.0940629 |  -0.00780395 |   0.0894935  |   0.0719746 |   0.0624015 |   0.0852227 |  -0.00532604 |  -0.0463839  |   0.106207  |  -0.00274596 |   0.0452468  |   0.0609709  |  -0.00810578 |   0.0991779 |  -0.00547114 |   0.117248  |
|  1 |   0.114283   |   1          |   0.00810486  |   0.0815603 | nan |   0.125418   |   0.0815603 |   0.295567  |   0.19458     |   0.340965  |   0.302152  |   0.24796   |   0.19512   |   0.233446  |   0.180241  |   0.333268  |   0.23287   |   0.220806  |   0.293178 |   0.254169  |   0.326956  |   0.151495  |   0.148742  |   0.293486  |   0.199708  |   0.312403  |   0.201954  |   0.230087  |   0.145137 |   0.207501  |   0.121531  |   0.1397     |   0.226677  |   0.28282   |   0.303194 |   0.346037  |   0.280862  |   0.231855  |   0.19996    |   0.143451   |   0.306673   |   0.182406  |   0.228966  |   0.151806  |   0.235499  |   0.191325  |   0.22514   |   0.219334  |   0.305672  |   0.229185   |   0.346551  |   0.287301  |   0.212867   |   0.365622   |   0.230001  |   0.439814  |   0.135523  |   0.194621   |   0.132512   |   0.347649  |   0.203151   |   0.258934   |   0.163655   |   0.2209     |   0.26263   |   0.225865   |   0.18958   |
|  2 |   0.267193   |   0.00810486 |   1           |   0.145137  | nan |   0.393306   |   0.145137  |  -0.0178092 |   0.000116485 |  -0.051522  |  -0.0325109 |  -0.0919073 |  -0.0840221 |   0.0482871 |  -0.0467577 |  -0.0658202 |   0.0148236 |   0.0158537 |   0.014441 |  -0.0174109 |   0.0983812 |   0.0500743 |   0.0909942 |   0.0329181 |  -0.0079054 |  -0.0128411 |  -0.0415394 |  -0.0176858 |   0.034693 |  -0.0254517 |   0.046236  |  -0.00327712 |  -0.0650849 |   0.071353  |  -0.102333 |  -0.013504  |  -0.083046  |  -0.054354  |   0.00777662 |  -0.0261601  |   0.00567588 |   0.0821123 |   0.0348152 |  -0.0359674 |  -0.0320532 |  -0.0195438 |   0.0205923 |  -0.0563509 |   0.0363312 |  -0.0459205  |   0.0457124 |   0.0562095 |  -0.038426   |   0.00526701 |  -0.0555063 |   0.0139717 |   0.0271969 |  -0.0104658  |  -0.0610093  |   0.0315542 |  -0.074075   |   0.00446792 |  -0.00434868 |  -0.0424595  |   0.0472206 |  -0.0409296  |   0.0757989 |
|  3 |   0.156928   |   0.0815603  |   0.145137    |   1         | nan |   0.376107   |   1         |   0.129321  |   0.112889    |   0.162178  |   0.24643   |   0.127401  |   0.13096   |   0.178262  |   0.204457  |   0.178156  |   0.324579  |   0.165692  |   0.131044 |   0.117417  |   0.14148   |   0.245545  |   0.0876348 |   0.236855  |   0.195103  |   0.24335   |   0.127183  |   0.228893  |   0.31273  |   0.102787  |   0.148065  |   0.108931   |   0.216337  |   0.0741009 |   0.181241 |   0.124444  |   0.0632466 |   0.093899  |   0.136468   |   0.142972   |   0.198301   |   0.0985277 |   0.114177  |   0.103106  |   0.144746  |   0.179502  |   0.041395  |   0.131787  |   0.047765  |   0.143842   |   0.192501  |   0.0188546 |   0.173304   |   0.0766073  |   0.188591  |  -0.0578162 |   0.0502386 |   0.0520584  |   0.185608   |   0.0393349 |   0.118374   |   0.103777   |   0.0604465  |   0.150878   |   0.0630811 |   0.0887905  |   0.129437  |
|  4 | nan          | nan          | nan           | nan         | nan | nan          | nan         | nan         | nan           | nan         | nan         | nan         | nan         | nan         | nan         | nan         | nan         | nan         | nan        | nan         | nan         | nan         | nan         | nan         | nan         | nan         | nan         | nan         | nan        | nan         | nan         | nan          | nan         | nan         | nan        | nan         | nan         | nan         | nan          | nan          | nan          | nan         | nan         | nan         | nan         | nan         | nan         | nan         | nan         | nan          | nan         | nan         | nan          | nan          | nan         | nan         | nan         | nan          | nan          | nan         | nan          | nan          | nan          | nan          | nan         | nan          | nan         |
|  5 |   0.249955   |   0.125418   |   0.393306    |   0.376107  | nan |   1          |   0.376107  |   0.131119  |   0.123478    |   0.125404  |   0.189046  |   0.0596408 |   0.0671292 |   0.19119   |   0.149422  |   0.123327  |   0.251205  |   0.0799557 |   0.153989 |   0.125901  |   0.188104  |   0.150472  |   0.12604   |   0.274105  |   0.0587156 |   0.207512  |   0.0607318 |   0.212783  |   0.163682 |   0.100806  |   0.20175   |   0.0505184  |   0.0255624 |   0.159803  |   0.114714 |   0.184604  |   0.0768844 |   0.0842748 |   0.102024   |   0.110469   |   0.121328   |   0.13498   |   0.110686  |   0.0823911 |   0.165317  |   0.162116  |   0.0593351 |   0.0714089 |   0.109415  |   0.0537449  |   0.161763  |   0.0657474 |   0.0458019  |   0.138094   |   0.0601261 |   0.039407  |   0.0892995 |   0.093158   |   0.00734266 |   0.123309  |   0.0490808  |   0.111121   |   0.0879869  |   0.0477633  |   0.13082   |   0.0872868  |   0.186586  |
|  6 |   0.156928   |   0.0815603  |   0.145137    |   1         | nan |   0.376107   |   1         |   0.129321  |   0.112889    |   0.162178  |   0.24643   |   0.127401  |   0.13096   |   0.178262  |   0.204457  |   0.178156  |   0.324579  |   0.165692  |   0.131044 |   0.117417  |   0.14148   |   0.245545  |   0.0876348 |   0.236855  |   0.195103  |   0.24335   |   0.127183  |   0.228893  |   0.31273  |   0.102787  |   0.148065  |   0.108931   |   0.216337  |   0.0741009 |   0.181241 |   0.124444  |   0.0632466 |   0.093899  |   0.136468   |   0.142972   |   0.198301   |   0.0985277 |   0.114177  |   0.103106  |   0.144746  |   0.179502  |   0.041395  |   0.131787  |   0.047765  |   0.143842   |   0.192501  |   0.0188546 |   0.173304   |   0.0766073  |   0.188591  |  -0.0578162 |   0.0502386 |   0.0520584  |   0.185608   |   0.0393349 |   0.118374   |   0.103777   |   0.0604465  |   0.150878   |   0.0630811 |   0.0887905  |   0.129437  |
|  7 |   0.0849988  |   0.295567   |  -0.0178092   |   0.129321  | nan |   0.131119   |   0.129321  |   1         |   0.927777    |   0.761066  |   0.649244  |   0.725501  |   0.633407  |   0.668315  |   0.676567  |   0.701874  |   0.642721  |   0.691859  |   0.675909 |   0.657059  |   0.526635  |   0.545083  |   0.259321  |   0.664195  |   0.656396  |   0.675957  |   0.585947  |   0.673104  |   0.653394 |   0.636249  |   0.563484  |   0.678646   |   0.553341  |   0.550445  |   0.730867 |   0.752125  |   0.597603  |   0.485541  |   0.561256   |   0.555394   |   0.487072   |   0.363857  |   0.543428  |   0.48802   |   0.4811    |   0.542962  |   0.656935  |   0.658958  |   0.618653  |   0.640774   |   0.625089  |   0.598487  |   0.612414   |   0.615443   |   0.59893   |   0.225015  |   0.5812    |   0.615565   |   0.456668   |   0.604558  |   0.652323   |   0.698134   |   0.605187   |   0.637997   |   0.644199  |   0.668713   |   0.351566  |
|  8 |   0.065274   |   0.19458    |   0.000116485 |   0.112889  | nan |   0.123478   |   0.112889  |   0.927777  |   1           |   0.718809  |   0.599421  |   0.686988  |   0.613082  |   0.58917   |   0.651404  |   0.634814  |   0.591376  |   0.679308  |   0.670453 |   0.644917  |   0.484642  |   0.537482  |   0.251887  |   0.659336  |   0.652194  |   0.62733   |   0.530398  |   0.624684  |   0.637074 |   0.600634  |   0.529047  |   0.68397    |   0.503213  |   0.434952  |   0.691527 |   0.719309  |   0.554943  |   0.433251  |   0.469431   |   0.539493   |   0.401405   |   0.33      |   0.447086  |   0.451632  |   0.417139  |   0.483266  |   0.68521   |   0.645056  |   0.621807  |   0.62145    |   0.558411  |   0.595161  |   0.585377   |   0.586775   |   0.577573  |   0.15746   |   0.625602  |   0.60549    |   0.425265   |   0.601189  |   0.63278    |   0.700602   |   0.645371   |   0.621487   |   0.651145  |   0.664884   |   0.325759  |
|  9 |   0.0211375  |   0.340965   |  -0.051522    |   0.162178  | nan |   0.125404   |   0.162178  |   0.761066  |   0.718809    |   1         |   0.758386  |   0.760057  |   0.685032  |   0.673943  |   0.752057  |   0.800631  |   0.659136  |   0.562718  |   0.584796 |   0.724934  |   0.648686  |   0.669715  |   0.382636  |   0.762019  |   0.590165  |   0.792537  |   0.737981  |   0.731113  |   0.557077 |   0.576405  |   0.593873  |   0.434271   |   0.606875  |   0.542399  |   0.768767 |   0.786956  |   0.702207  |   0.61264   |   0.624063   |   0.542579   |   0.55274    |   0.544987  |   0.61353   |   0.56958   |   0.589265  |   0.676335  |   0.508312  |   0.73565   |   0.534399  |   0.70209    |   0.81007   |   0.586146  |   0.684526   |   0.576315   |   0.64047   |   0.262665  |   0.463472  |   0.716556   |   0.482347   |   0.523406  |   0.751688   |   0.703628   |   0.547166   |   0.697761   |   0.520017  |   0.756959   |   0.45652   |
| 10 |   0.116628   |   0.302152   |  -0.0325109   |   0.24643   | nan |   0.189046   |   0.24643   |   0.649244  |   0.599421    |   0.758386  |   1         |   0.733069  |   0.65448   |   0.602623  |   0.653378  |   0.747022  |   0.621139  |   0.485697  |   0.48735  |   0.586263  |   0.60143   |   0.625919  |   0.422559  |   0.675937  |   0.504063  |   0.980609  |   0.606693  |   0.662986  |   0.493341 |   0.556703  |   0.549055  |   0.336518   |   0.615507  |   0.523503  |   0.72818  |   0.685022  |   0.663986  |   0.615195  |   0.621255   |   0.468616   |   0.610457   |   0.541223  |   0.590546  |   0.561669  |   0.692168  |   0.681042  |   0.369347  |   0.57846   |   0.390542  |   0.531754   |   0.744511  |   0.45082   |   0.570073   |   0.473397   |   0.532328  |   0.245624  |   0.319704  |   0.56183    |   0.364725   |   0.41147   |   0.618093   |   0.558993   |   0.429396   |   0.535388   |   0.370053  |   0.612525   |   0.469328  |
| 11 |   0.0350993  |   0.24796    |  -0.0919073   |   0.127401  | nan |   0.0596408  |   0.127401  |   0.725501  |   0.686988    |   0.760057  |   0.733069  |   1         |   0.716944  |   0.588179  |   0.666644  |   0.753902  |   0.573385  |   0.528877  |   0.499089 |   0.59148   |   0.516077  |   0.542798  |   0.383385  |   0.632713  |   0.58695   |   0.732977  |   0.642024  |   0.689373  |   0.541489 |   0.565606  |   0.577642  |   0.452253   |   0.610149  |   0.482087  |   0.766492 |   0.770073  |   0.701537  |   0.685765  |   0.675123   |   0.558731   |   0.498425   |   0.462514  |   0.602431  |   0.60601   |   0.495251  |   0.641436  |   0.46159   |   0.61322   |   0.43569   |   0.582907   |   0.655638  |   0.447401  |   0.56141    |   0.486386   |   0.560534  |   0.182191  |   0.403022  |   0.599787   |   0.4191     |   0.421137  |   0.644515   |   0.542009   |   0.524617   |   0.579731   |   0.42401   |   0.625333   |   0.391088  |
| 12 |   0.0578884  |   0.19512    |  -0.0840221   |   0.13096   | nan |   0.0671292  |   0.13096   |   0.633407  |   0.613082    |   0.685032  |   0.65448   |   0.716944  |   1         |   0.522574  |   0.636465  |   0.67576   |   0.512468  |   0.528593  |   0.438053 |   0.493502  |   0.491125  |   0.500011  |   0.347631  |   0.577104  |   0.555254  |   0.664264  |   0.57424   |   0.703421  |   0.491384 |   0.554073  |   0.516431  |   0.404105   |   0.720932  |   0.453503  |   0.717783 |   0.668273  |   0.69127   |   0.582362  |   0.617927   |   0.546172   |   0.422797   |   0.425568  |   0.572932  |   0.588036  |   0.447373  |   0.623062  |   0.454725  |   0.506546  |   0.391604  |   0.470802   |   0.586592  |   0.527553  |   0.512641   |   0.45973    |   0.460601  |   0.159426  |   0.375401  |   0.526081   |   0.324706   |   0.36719   |   0.566788   |   0.523598   |   0.481387   |   0.472796   |   0.394244  |   0.536911   |   0.479578  |
| 13 |   0.121245   |   0.233446   |   0.0482871   |   0.178262  | nan |   0.19119    |   0.178262  |   0.668315  |   0.58917     |   0.673943  |   0.602623  |   0.588179  |   0.522574  |   1         |   0.731995  |   0.701545  |   0.709602  |   0.516111  |   0.554989 |   0.574339  |   0.527048  |   0.46834   |   0.355482  |   0.671926  |   0.486584  |   0.625606  |   0.631162  |   0.79591   |   0.588466 |   0.685278  |   0.606816  |   0.440329   |   0.491899  |   0.65026   |   0.625138 |   0.687018  |   0.491535  |   0.463813  |   0.591144   |   0.56062    |   0.538321   |   0.48115   |   0.598783  |   0.477259  |   0.452997  |   0.553884  |   0.46152   |   0.51615   |   0.495111  |   0.511338   |   0.634226  |   0.482364  |   0.486659   |   0.487508   |   0.498313  |   0.22167   |   0.434269  |   0.508786   |   0.325808   |   0.473361  |   0.502015   |   0.577794   |   0.459143   |   0.507466   |   0.475802  |   0.54328    |   0.349008  |
| 14 |   0.10087    |   0.180241   |  -0.0467577   |   0.204457  | nan |   0.149422   |   0.204457  |   0.676567  |   0.651404    |   0.752057  |   0.653378  |   0.666644  |   0.636465  |   0.731995  |   1         |   0.726008  |   0.609055  |   0.581803  |   0.529831 |   0.559266  |   0.541487  |   0.590475  |   0.354711  |   0.68327   |   0.542492  |   0.669507  |   0.687571  |   0.776502  |   0.60803  |   0.679224  |   0.592749  |   0.447527   |   0.477105  |   0.541591  |   0.691899 |   0.691231  |   0.634699  |   0.551586  |   0.621315   |   0.601866   |   0.564803   |   0.497423  |   0.582723  |   0.568476  |   0.531189  |   0.626686  |   0.495294  |   0.553119  |   0.495804  |   0.537445   |   0.691132  |   0.506011  |   0.509006   |   0.500587   |   0.51404   |   0.213264  |   0.480193  |   0.56025    |   0.327506   |   0.47411   |   0.597142   |   0.573905   |   0.515224   |   0.530843   |   0.463775  |   0.589788   |   0.425034  |
| 15 |   0.106338   |   0.333268   |  -0.0658202   |   0.178156  | nan |   0.123327   |   0.178156  |   0.701874  |   0.634814    |   0.800631  |   0.747022  |   0.753902  |   0.67576   |   0.701545  |   0.726008  |   1         |   0.633501  |   0.517003  |   0.530895 |   0.615806  |   0.643791  |   0.611098  |   0.418694  |   0.72017   |   0.528713  |   0.758147  |   0.729054  |   0.753709  |   0.510699 |   0.610869  |   0.567484  |   0.405791   |   0.634135  |   0.573861  |   0.816617 |   0.802518  |   0.686802  |   0.703756  |   0.702489   |   0.61357    |   0.64092    |   0.583106  |   0.734523  |   0.634771  |   0.571674  |   0.734834  |   0.427961  |   0.586198  |   0.457024  |   0.539598   |   0.801016  |   0.484976  |   0.532306   |   0.546301   |   0.539677  |   0.239765  |   0.379155  |   0.587462   |   0.36832    |   0.458759  |   0.594908   |   0.56538    |   0.462124   |   0.538079   |   0.401647  |   0.616245   |   0.477182  |
| 16 |   0.13569    |   0.23287    |   0.0148236   |   0.324579  | nan |   0.251205   |   0.324579  |   0.642721  |   0.591376    |   0.659136  |   0.621139  |   0.573385  |   0.512468  |   0.709602  |   0.609055  |   0.633501  |   1         |   0.490708  |   0.51255  |   0.675242  |   0.502758  |   0.548571  |   0.282252  |   0.687621  |   0.474392  |   0.63697   |   0.573633  |   0.702203  |   0.635131 |   0.643813  |   0.775687  |   0.383917   |   0.610128  |   0.501091  |   0.609526 |   0.642964  |   0.453572  |   0.416291  |   0.467776   |   0.496601   |   0.470126   |   0.369299  |   0.525177  |   0.434998  |   0.436611  |   0.533183  |   0.396022  |   0.666043  |   0.385196  |   0.645463   |   0.609133  |   0.42457   |   0.616715   |   0.4401     |   0.678769  |   0.201366  |   0.361998  |   0.615567   |   0.523533   |   0.383772  |   0.570245   |   0.496299   |   0.417788   |   0.649993   |   0.392319  |   0.656481   |   0.340473  |
| 17 |   0.0889536  |   0.220806   |   0.0158537   |   0.165692  | nan |   0.0799557  |   0.165692  |   0.691859  |   0.679308    |   0.562718  |   0.485697  |   0.528877  |   0.528593  |   0.516111  |   0.581803  |   0.517003  |   0.490708  |   1         |   0.68554  |   0.454354  |   0.396978  |   0.406709  |   0.197688  |   0.496512  |   0.718649  |   0.505615  |   0.367438  |   0.506904  |   0.690431 |   0.621256  |   0.441332  |   0.77927    |   0.429959  |   0.442451  |   0.56272  |   0.586769  |   0.441931  |   0.356218  |   0.384764   |   0.513574   |   0.453627   |   0.306906  |   0.437797  |   0.423469  |   0.34594   |   0.389942  |   0.677001  |   0.39344   |   0.628588  |   0.379952   |   0.456883  |   0.552749  |   0.399772   |   0.598091   |   0.377273  |   0.196744  |   0.59789   |   0.372448   |   0.262702   |   0.613088  |   0.383394   |   0.623562   |   0.589259   |   0.380658   |   0.644714  |   0.407652   |   0.312099  |
| 18 |   0.148104   |   0.293178   |   0.014441    |   0.131044  | nan |   0.153989   |   0.131044  |   0.675909  |   0.670453    |   0.584796  |   0.48735   |   0.499089  |   0.438053  |   0.554989  |   0.529831  |   0.530895  |   0.51255   |   0.68554   |   1        |   0.480161  |   0.457308  |   0.405312  |   0.206003  |   0.596402  |   0.631505  |   0.518008  |   0.396205  |   0.530551  |   0.656648 |   0.608666  |   0.440669  |   0.749925   |   0.370694  |   0.483119  |   0.54771  |   0.608057  |   0.391722  |   0.316908  |   0.349477   |   0.505754   |   0.460056   |   0.319866  |   0.423018  |   0.290543  |   0.402664  |   0.342863  |   0.81907   |   0.431541  |   0.839816  |   0.442997   |   0.583294  |   0.685121  |   0.412788   |   0.77115    |   0.409658  |   0.226754  |   0.81378   |   0.407433   |   0.222003   |   0.866089  |   0.386402   |   0.799545   |   0.789708   |   0.439356   |   0.831506  |   0.470287   |   0.261884  |
| 19 |   0.014203   |   0.254169   |  -0.0174109   |   0.117417  | nan |   0.125901   |   0.117417  |   0.657059  |   0.644917    |   0.724934  |   0.586263  |   0.59148   |   0.493502  |   0.574339  |   0.559266  |   0.615806  |   0.675242  |   0.454354  |   0.480161 |   1         |   0.530838  |   0.517325  |   0.262289  |   0.692954  |   0.479799  |   0.589478  |   0.579941  |   0.533574  |   0.49594  |   0.557653  |   0.597801  |   0.369633   |   0.59951   |   0.433085  |   0.613781 |   0.717136  |   0.487725  |   0.42517   |   0.492263   |   0.460468   |   0.486534   |   0.485371  |   0.543349  |   0.449625  |   0.503678  |   0.544536  |   0.411221  |   0.884128  |   0.428091  |   0.82802    |   0.602144  |   0.434449  |   0.723032   |   0.490769   |   0.839348  |   0.272485  |   0.377054  |   0.810544   |   0.680286   |   0.433269  |   0.685931   |   0.55873    |   0.438849   |   0.826679   |   0.454277  |   0.869741   |   0.408514  |
| 20 |   0.18639    |   0.326956   |   0.0983812   |   0.14148   | nan |   0.188104   |   0.14148   |   0.526635  |   0.484642    |   0.648686  |   0.60143   |   0.516077  |   0.491125  |   0.527048  |   0.541487  |   0.643791  |   0.502758  |   0.396978  |   0.457308 |   0.530838  |   1         |   0.515953  |   0.492487  |   0.609362  |   0.371864  |   0.613025  |   0.610593  |   0.536149  |   0.375035 |   0.498104  |   0.465536  |   0.270062   |   0.450885  |   0.509421  |   0.554482 |   0.61204   |   0.549187  |   0.529443  |   0.546338   |   0.415373   |   0.454069   |   0.478841  |   0.609999  |   0.485011  |   0.540584  |   0.595163  |   0.339747  |   0.520677  |   0.409211  |   0.530405   |   0.822183  |   0.445591  |   0.592675   |   0.489131   |   0.477878  |   0.329107  |   0.317888  |   0.532705   |   0.285433   |   0.425865  |   0.533854   |   0.493549   |   0.380816   |   0.526951   |   0.382472  |   0.564325   |   0.485616  |
| 21 |   0.125016   |   0.151495   |   0.0500743   |   0.245545  | nan |   0.150472   |   0.245545  |   0.545083  |   0.537482    |   0.669715  |   0.625919  |   0.542798  |   0.500011  |   0.46834   |   0.590475  |   0.611098  |   0.548571  |   0.406709  |   0.405312 |   0.517325  |   0.515953  |   1         |   0.402991  |   0.588972  |   0.399944  |   0.649553  |   0.483735  |   0.586535  |   0.450906 |   0.474043  |   0.497691  |   0.264691   |   0.477106  |   0.385754  |   0.642953 |   0.55903   |   0.502467  |   0.46715   |   0.519103   |   0.407427   |   0.452465   |   0.399816  |   0.500971  |   0.522525  |   0.523499  |   0.579756  |   0.300137  |   0.489395  |   0.320431  |   0.483306   |   0.690759  |   0.378462  |   0.472064   |   0.362276   |   0.464026  |   0.151753  |   0.291236  |   0.460481   |   0.282473   |   0.309241  |   0.526553   |   0.488712   |   0.344446   |   0.487858   |   0.332384  |   0.528045   |   0.394832  |
| 22 |   0.1015     |   0.148742   |   0.0909942   |   0.0876348 | nan |   0.12604    |   0.0876348 |   0.259321  |   0.251887    |   0.382636  |   0.422559  |   0.383385  |   0.347631  |   0.355482  |   0.354711  |   0.418694  |   0.282252  |   0.197688  |   0.206003 |   0.262289  |   0.492487  |   0.402991  |   1         |   0.339909  |   0.184254  |   0.421114  |   0.373372  |   0.396852  |   0.158191 |   0.234218  |   0.294723  |   0.0838194  |   0.276239  |   0.296223  |   0.373809 |   0.379106  |   0.394635  |   0.368022  |   0.428462   |   0.262603   |   0.339445   |   0.358184  |   0.443507  |   0.448539  |   0.327959  |   0.467061  |   0.130297  |   0.278239  |   0.185112  |   0.255783   |   0.455688  |   0.197463  |   0.304013   |   0.210218   |   0.227435  |   0.129532  |   0.124813  |   0.313243   |   0.132656   |   0.161986  |   0.316761   |   0.22747    |   0.185258   |   0.25161    |   0.158028  |   0.30922    |   0.387009  |
| 23 |   0.131435   |   0.293486   |   0.0329181   |   0.236855  | nan |   0.274105   |   0.236855  |   0.664195  |   0.659336    |   0.762019  |   0.675937  |   0.632713  |   0.577104  |   0.671926  |   0.68327   |   0.72017   |   0.687621  |   0.496512  |   0.596402 |   0.692954  |   0.609362  |   0.588972  |   0.339909  |   1         |   0.617893  |   0.695243  |   0.678113  |   0.682524  |   0.560669 |   0.593338  |   0.595666  |   0.420313   |   0.567888  |   0.552962  |   0.659773 |   0.70599   |   0.509424  |   0.536564  |   0.504492   |   0.521675   |   0.528893   |   0.428122  |   0.561567  |   0.504055  |   0.522555  |   0.563895  |   0.513159  |   0.658448  |   0.553906  |   0.61962    |   0.72165   |   0.525766  |   0.562706   |   0.584239   |   0.564325  |   0.237391  |   0.515474  |   0.634456   |   0.396294   |   0.550486  |   0.603359   |   0.624076   |   0.570419   |   0.618559   |   0.502858  |   0.697862   |   0.389063  |
| 24 |   0.0782194  |   0.199708   |  -0.0079054   |   0.195103  | nan |   0.0587156  |   0.195103  |   0.656396  |   0.652194    |   0.590165  |   0.504063  |   0.58695   |   0.555254  |   0.486584  |   0.542492  |   0.528713  |   0.474392  |   0.718649  |   0.631505 |   0.479799  |   0.371864  |   0.399944  |   0.184254  |   0.617893  |   1         |   0.513046  |   0.453224  |   0.461788  |   0.606733 |   0.490838  |   0.450583  |   0.702898   |   0.48359   |   0.390652  |   0.54296  |   0.542867  |   0.45477   |   0.422972  |   0.378374   |   0.461123   |   0.406979   |   0.310238  |   0.428844  |   0.483196  |   0.330699  |   0.392958  |   0.614669  |   0.456544  |   0.565317  |   0.438074   |   0.491074  |   0.524407  |   0.453366   |   0.568961   |   0.428943  |   0.193811  |   0.577687  |   0.417637   |   0.334336   |   0.56265   |   0.460975   |   0.578797   |   0.573294   |   0.439884   |   0.571114  |   0.457234   |   0.299586  |
| 25 |   0.141617   |   0.312403   |  -0.0128411   |   0.24335   | nan |   0.207512   |   0.24335   |   0.675957  |   0.62733     |   0.792537  |   0.980609  |   0.732977  |   0.664264  |   0.625606  |   0.669507  |   0.758147  |   0.63697   |   0.505615  |   0.518008 |   0.589478  |   0.613025  |   0.649553  |   0.421114  |   0.695243  |   0.513046  |   1         |   0.609087  |   0.691075  |   0.516477 |   0.573552  |   0.563469  |   0.359604   |   0.61286   |   0.553917  |   0.737928 |   0.730237  |   0.66343   |   0.619655  |   0.631027   |   0.481151   |   0.5969     |   0.530072  |   0.606923  |   0.577757  |   0.688877  |   0.681929  |   0.412698  |   0.585908  |   0.428009  |   0.544869   |   0.769265  |   0.510665  |   0.576503   |   0.499715   |   0.542147  |   0.236867  |   0.360681  |   0.571179   |   0.366096   |   0.438275  |   0.624831   |   0.608446   |   0.463323   |   0.546994   |   0.407227  |   0.619949   |   0.472963  |
| 26 |   0.0305873  |   0.201954   |  -0.0415394   |   0.127183  | nan |   0.0607318  |   0.127183  |   0.585947  |   0.530398    |   0.737981  |   0.606693  |   0.642024  |   0.57424   |   0.631162  |   0.687571  |   0.729054  |   0.573633  |   0.367438  |   0.396205 |   0.579941  |   0.610593  |   0.483735  |   0.373372  |   0.678113  |   0.453224  |   0.609087  |   1         |   0.641762  |   0.418066 |   0.502249  |   0.501707  |   0.324656   |   0.50272   |   0.392117  |   0.571795 |   0.637081  |   0.667853  |   0.625679  |   0.559471   |   0.494432   |   0.459023   |   0.44933   |   0.593834  |   0.538926  |   0.486309  |   0.616276  |   0.355721  |   0.62087   |   0.365741  |   0.588518   |   0.758949  |   0.418888  |   0.548723   |   0.421176   |   0.511164  |   0.175126  |   0.352207  |   0.646032   |   0.31189    |   0.362026  |   0.641579   |   0.474806   |   0.477331   |   0.584173   |   0.344075  |   0.684591   |   0.434172  |
| 27 |   0.154127   |   0.230087   |  -0.0176858   |   0.228893  | nan |   0.212783   |   0.228893  |   0.673104  |   0.624684    |   0.731113  |   0.662986  |   0.689373  |   0.703421  |   0.79591   |   0.776502  |   0.753709  |   0.702203  |   0.506904  |   0.530551 |   0.533574  |   0.536149  |   0.586535  |   0.396852  |   0.682524  |   0.461788  |   0.691075  |   0.641762  |   1         |   0.59298  |   0.668002  |   0.63431   |   0.407656   |   0.5493    |   0.613482  |   0.728893 |   0.737353  |   0.648014  |   0.578029  |   0.673888   |   0.592205   |   0.52451    |   0.497416  |   0.607362  |   0.534072  |   0.485708  |   0.677666  |   0.452882  |   0.528458  |   0.450802  |   0.511468   |   0.682211  |   0.463192  |   0.516649   |   0.491744   |   0.500264  |   0.146415  |   0.436408  |   0.531138   |   0.350296   |   0.428107  |   0.551243   |   0.543003   |   0.52017    |   0.508278   |   0.437349  |   0.550291   |   0.445524  |
| 28 |   0.125724   |   0.145137   |   0.034693    |   0.31273   | nan |   0.163682   |   0.31273   |   0.653394  |   0.637074    |   0.557077  |   0.493341  |   0.541489  |   0.491384  |   0.588466  |   0.60803   |   0.510699  |   0.635131  |   0.690431  |   0.656648 |   0.49594   |   0.375035  |   0.450906  |   0.158191  |   0.560669  |   0.606733  |   0.516477  |   0.418066  |   0.59298   |   1        |   0.658724  |   0.570401  |   0.684195   |   0.493187  |   0.49984   |   0.510294 |   0.586665  |   0.401536  |   0.306065  |   0.445375   |   0.59222    |   0.378042   |   0.345492  |   0.455126  |   0.414311  |   0.375036  |   0.435205  |   0.636686  |   0.453295  |   0.588547  |   0.447151   |   0.45859   |   0.495308  |   0.434427   |   0.548629   |   0.494904  |   0.130118  |   0.612279  |   0.406552   |   0.369582   |   0.552391  |   0.405878   |   0.620637   |   0.610547   |   0.455617   |   0.600896  |   0.443421   |   0.261018  |
| 29 |   0.212749   |   0.207501   |  -0.0254517   |   0.102787  | nan |   0.100806   |   0.102787  |   0.636249  |   0.600634    |   0.576405  |   0.556703  |   0.565606  |   0.554073  |   0.685278  |   0.679224  |   0.610869  |   0.643813  |   0.621256  |   0.608666 |   0.557653  |   0.498104  |   0.474043  |   0.234218  |   0.593338  |   0.490838  |   0.573552  |   0.502249  |   0.668002  |   0.658724 |   1         |   0.635505  |   0.515851   |   0.524172  |   0.635869  |   0.611777 |   0.678903  |   0.48946   |   0.455279  |   0.568623   |   0.581773   |   0.484324   |   0.443416  |   0.578719  |   0.458945  |   0.457111  |   0.555303  |   0.525377  |   0.496792  |   0.539692  |   0.488644   |   0.565098  |   0.508202  |   0.478513   |   0.570663   |   0.531668  |   0.208396  |   0.506598  |   0.488252   |   0.351233   |   0.534607  |   0.446189   |   0.597171   |   0.545369   |   0.485343   |   0.524806  |   0.512099   |   0.375178  |
| 30 |   0.0746255  |   0.121531   |   0.046236    |   0.148065  | nan |   0.20175    |   0.148065  |   0.563484  |   0.529047    |   0.593873  |   0.549055  |   0.577642  |   0.516431  |   0.606816  |   0.592749  |   0.567484  |   0.775687  |   0.441332  |   0.440669 |   0.597801  |   0.465536  |   0.497691  |   0.294723  |   0.595666  |   0.450583  |   0.563469  |   0.501707  |   0.63431   |   0.570401 |   0.635505  |   1         |   0.36212    |   0.551219  |   0.579512  |   0.541461 |   0.593078  |   0.473981  |   0.462369  |   0.544625   |   0.551719   |   0.417894   |   0.466301  |   0.553104  |   0.447577  |   0.452261  |   0.56617   |   0.382164  |   0.56825   |   0.348566  |   0.533818   |   0.544566  |   0.410502  |   0.528453   |   0.390336   |   0.559449  |   0.155849  |   0.350522  |   0.563762   |   0.460045   |   0.342042  |   0.519324   |   0.468357   |   0.399223   |   0.538229   |   0.333381  |   0.556919   |   0.362424  |
